ID
IT     5    60  1440
IO     0     0
KK A-I
BA   140.9
PB   287.0
PC    .000    .002    .006    .013    .028    .044    .061    .082    .105    .134
PC    .169    .211    .263    .329    .406    .485    .569    .653    .741    .820
PC    .881    .932    .964    .988   1.000
LS     0    90.9
UC    2.26    3.21
KK MG15R
RM     1.53     .20       0
KK A-II
BA   214.3
PB   307.2
PC    .000    .002    .006    .013    .028    .044    .061    .082    .105    .134
PC    .169    .211    .263    .329    .406    .485    .569    .653    .741    .820
PC    .881    .932    .964    .988   1.000
LS     0    84.6
UC    2.19    3.61
KK MG15
HC     2     0     0    MG15
KK MG13R
RM      .48     .20       0
KK A-III
BA   227.3
PB   289.5
PC    .000    .002    .006    .013    .028    .044    .061    .082    .105    .134
PC    .169    .211    .263    .329    .406    .485    .569    .653    .741    .820
PC    .881    .932    .964    .988   1.000
LS     0    87.7
UC    2.28    3.76
KK SW00
HC     2     0     0    SW00
ZZ
